Matriz 1
8 4 7 5 5 8 4 4 7 0 1 9 2 9 0 1 4 3 7 9 8 3 3 8 8 2 1 9 3 3 4 4 9 2 8 1 9 9 4 5 
7 6 2 4 8 1 4 3 5 4 8 1 4 3 1 5 0 1 2 0 7 5 0 0 7 0 4 6 6 0 3 0 2 8 1 8 3 4 6 9 
1 1 3 9 0 2 7 9 8 6 7 9 0 4 0 1 4 2 2 0 1 9 6 1 6 5 6 6 3 6 5 9 5 9 3 4 3 8 4 6 
1 7 9 6 5 7 5 0 0 1 1 1 1 6 2 7 7 6 0 0 9 8 6 8 0 1 8 9 5 9 3 7 5 8 8 6 9 6 5 5 
8 0 2 0 9 1 9 6 2 5 6 1 5 7 4 9 1 3 3 7 4 1 9 2 4 5 8 0 6 6 3 6 9 4 4 9 2 8 7 6 
8 6 2 2 8 2 9 0 2 3 8 1 6 4 9 9 6 6 5 8 3 7 5 5 4 7 4 5 7 7 3 8 5 0 7 5 3 7 2 9 
2 0 5 0 8 3 8 2 8 6 3 8 6 8 9 6 5 1 4 7 2 3 4 8 0 0 8 3 7 4 0 9 8 8 5 5 8 2 9 7 
7 5 0 9 2 6 7 0 2 0 8 8 9 1 3 9 0 5 5 1 3 1 7 5 7 0 4 4 2 5 9 7 3 1 2 7 1 5 6 3 
1 1 3 4 4 3 5 3 5 8 0 5 8 5 7 0 1 7 8 3 2 7 9 8 9 5 4 2 5 1 7 5 4 6 8 8 6 0 8 1 
8 8 9 1 1 8 7 8 0 7 3 0 0 6 2 9 6 6 1 3 1 0 9 1 4 7 5 9 0 9 7 6 7 2 4 0 0 6 2 8 
0 5 5 6 4 0 5 6 3 2 7 4 8 9 4 8 7 5 0 9 0 7 0 1 5 3 1 3 2 9 2 5 2 3 5 6 6 4 0 3 
4 1 6 4 7 9 4 8 7 9 6 0 5 2 4 3 4 6 2 5 6 3 3 9 7 6 1 9 5 2 0 9 5 0 8 2 4 8 1 1 
1 5 6 0 7 2 3 6 1 1 4 7 3 9 7 4 7 4 5 8 2 3 6 7 8 0 5 4 8 4 5 8 1 0 4 2 1 3 0 0 
2 5 1 8 5 8 5 9 5 5 3 7 7 6 4 6 9 8 4 2 0 4 1 4 5 8 8 5 8 3 1 1 4 5 7 0 2 7 0 3 
2 8 9 6 8 1 3 4 5 9 8 2 8 7 2 9 2 6 4 2 7 6 0 2 1 0 7 6 3 7 4 3 6 2 7 5 3 8 5 1 
8 1 6 2 1 1 0 6 7 0 8 0 0 6 3 5 4 9 6 4 5 7 1 5 6 6 3 9 6 1 8 4 8 4 7 4 5 2 6 0 
4 9 4 5 7 4 8 1 6 0 4 0 7 1 1 9 7 6 9 4 1 7 1 7 4 2 6 4 8 9 7 8 9 0 0 1 6 2 7 6 
1 5 4 2 7 5 4 2 1 6 0 5 7 6 1 9 4 1 6 4 0 1 6 2 0 3 9 0 3 3 1 9 9 7 0 3 6 9 3 4 
3 8 2 0 7 2 8 8 7 7 1 0 0 2 2 0 9 1 9 9 7 7 6 7 2 2 9 3 4 4 5 6 6 6 1 4 9 8 8 0 
6 8 8 7 0 1 8 1 8 2 0 1 9 7 9 1 3 0 6 6 3 5 8 0 1 9 0 2 1 8 1 5 3 1 7 8 1 8 6 0 
4 0 9 3 7 3 2 9 7 7 4 1 2 6 3 8 6 3 6 1 1 7 5 1 1 1 5 0 5 8 6 7 0 2 0 3 2 6 1 2 
5 0 9 0 2 8 7 2 9 5 2 2 3 4 0 1 5 0 5 4 0 7 9 7 8 9 7 9 5 9 5 3 2 6 5 8 4 7 7 1 
2 0 7 2 7 8 3 3 6 7 4 1 3 2 7 0 0 3 2 3 8 3 7 9 0 9 7 4 2 3 4 1 5 5 1 0 1 5 3 6 
5 1 7 5 5 1 5 9 9 2 6 4 7 0 8 7 3 0 7 3 5 6 0 4 5 2 1 3 8 2 3 2 9 0 9 2 8 8 8 0 
3 7 9 8 7 6 1 8 2 0 2 9 3 3 4 8 7 6 0 7 6 8 4 1 5 2 8 3 3 5 1 0 3 8 3 2 0 1 1 5 
8 7 2 0 9 6 3 1 6 3 4 3 0 1 0 9 5 9 8 5 8 2 1 3 3 0 4 6 1 7 6 3 4 0 3 4 1 7 9 5 
9 4 4 1 0 0 6 9 8 5 0 7 7 8 2 1 2 9 9 5 3 7 2 2 1 6 0 5 4 5 0 0 5 2 5 7 6 0 6 3 
5 0 8 4 4 1 0 0 4 4 5 0 9 3 8 4 9 2 3 3 0 3 8 9 9 6 7 7 3 4 9 9 6 8 0 8 8 4 0 2 
2 7 2 2 8 1 8 8 5 5 0 0 8 6 4 1 3 2 4 3 1 2 7 5 0 0 5 2 8 3 1 3 4 0 2 3 9 5 9 1 
3 4 5 4 7 1 6 4 4 3 1 1 5 2 1 9 9 4 4 2 8 3 2 8 4 2 3 8 2 6 6 9 3 9 2 2 7 0 5 7 
4 6 5 8 7 2 6 8 4 1 4 2 1 5 3 7 4 6 9 8 5 2 3 5 2 8 1 2 3 1 1 7 4 6 2 4 8 2 8 1 
7 1 1 4 4 4 6 5 7 8 0 0 8 2 4 1 4 3 0 4 5 3 2 6 4 2 8 8 9 6 6 9 5 0 2 2 8 5 8 4 
9 1 1 5 2 7 2 2 3 4 2 7 4 4 8 9 5 5 4 0 5 8 8 8 5 0 1 9 3 2 4 1 6 9 2 8 9 0 6 0 
2 1 2 4 9 1 2 5 3 2 6 6 8 4 4 0 8 5 7 8 1 1 6 5 3 7 9 6 0 6 8 5 0 9 3 5 1 0 5 9 
5 1 9 4 9 6 9 6 4 9 7 6 5 8 7 3 5 9 4 4 6 3 6 7 9 1 4 7 9 5 5 8 5 8 6 8 7 8 5 7 
5 2 0 1 8 5 7 8 6 6 1 4 0 5 1 1 4 8 5 6 0 1 2 1 8 2 4 1 3 1 2 7 0 5 8 3 8 7 7 0 
9 6 0 0 7 4 0 0 8 9 9 7 0 1 5 7 7 0 5 5 7 6 4 9 4 3 7 5 8 0 2 0 3 1 4 6 2 1 1 1 
4 0 8 3 6 3 5 1 8 1 4 6 4 5 1 2 5 0 2 5 3 0 5 9 8 8 0 3 4 1 9 4 9 3 5 1 0 9 9 9 
8 6 5 4 9 9 0 8 5 3 3 0 0 8 9 1 8 0 8 6 4 8 1 5 1 8 5 9 2 9 7 4 9 2 5 7 5 5 6 5 
2 6 7 8 5 3 2 3 8 3 5 3 9 9 4 7 3 7 0 1 6 3 6 6 3 0 1 0 8 8 9 9 2 4 5 2 2 6 3 7 

Matriz 2
    9 4 0 6 6 9 3 3 0 9 1 8 0 7 3 9 5 1 0 2 8 2 8 0 8 1 3 4 9 3 4 8 7 8 1 6 4 3 9 4 
    7 8 7 5 0 2 5 6 5 3 7 0 2 0 0 0 3 2 7 1 3 4 0 5 6 6 2 0 1 0 7 3 3 5 8 0 5 3 4 3 
    9 7 7 0 9 4 2 1 7 9 4 0 4 8 3 3 5 8 1 5 2 0 8 4 0 5 7 8 0 3 0 9 1 9 9 6 3 0 1 2 
    2 8 3 2 5 0 6 2 9 5 6 4 1 5 3 6 7 8 4 6 9 6 8 6 2 3 4 1 8 9 8 0 3 8 0 7 4 7 6 7 
    8 8 1 9 1 4 8 5 6 2 1 8 7 0 3 4 1 6 3 4 8 5 7 3 7 2 8 6 0 2 8 6 9 2 2 0 0 1 0 3 
    3 6 8 0 1 1 0 8 4 8 4 1 9 5 1 7 5 8 0 4 2 4 7 7 0 2 8 2 0 9 8 9 4 1 0 0 2 0 2 6 
    6 8 6 4 9 1 2 3 2 5 1 8 7 8 7 3 6 0 3 2 0 2 6 3 4 3 0 4 1 6 0 6 2 3 5 0 1 2 0 9 
    8 5 8 8 5 2 8 5 1 8 6 8 0 8 0 0 6 1 6 9 7 0 4 0 8 5 0 5 7 5 4 0 4 8 2 5 0 1 3 3 
    3 7 5 5 9 3 0 8 6 9 7 2 2 6 8 0 1 6 3 2 6 8 1 4 7 0 0 4 7 2 3 8 4 4 9 0 5 5 1 8 
    6 4 2 6 2 8 3 3 4 8 5 1 1 9 9 2 7 7 7 2 3 8 8 9 0 7 7 8 7 2 8 5 5 8 5 6 2 9 0 6 
    7 8 4 5 7 1 8 4 0 8 4 7 2 0 7 7 3 2 3 4 1 7 5 5 5 4 9 9 2 8 7 9 0 2 2 5 5 8 7 7 
    7 5 5 0 5 9 6 7 1 2 8 4 6 6 7 8 7 3 0 1 6 2 3 2 1 5 8 6 3 1 8 5 5 9 7 6 7 7 0 8 
    7 4 4 1 5 9 3 0 6 1 5 0 7 4 0 0 9 5 7 4 0 7 0 9 0 4 9 8 5 8 0 5 5 6 9 6 8 9 2 8 
    0 9 9 0 4 2 8 6 2 9 7 6 0 7 6 6 3 2 6 9 2 7 3 8 9 8 5 6 3 2 1 2 9 9 9 9 6 3 1 7 
    1 0 5 7 2 1 4 0 9 2 1 2 1 0 1 4 7 3 5 4 6 2 2 6 3 1 2 7 3 7 6 9 0 0 7 4 3 3 3 8 
    2 5 7 2 1 7 5 8 1 4 7 3 0 5 0 2 7 0 2 7 6 5 3 0 6 6 6 4 8 2 9 2 3 4 9 5 1 8 8 3 
    6 9 9 2 7 7 0 6 5 5 6 1 3 4 1 7 8 1 2 8 0 9 8 7 9 0 3 3 5 1 0 6 6 0 6 1 8 7 1 3 
    9 7 9 4 4 6 5 5 4 4 7 7 0 4 3 4 5 0 6 5 1 6 6 9 0 1 1 6 6 4 2 7 2 8 3 2 7 2 3 5 
    9 2 8 5 5 0 3 9 5 8 3 7 9 3 8 7 9 2 2 6 1 7 7 4 6 5 2 9 7 8 5 4 7 5 8 9 1 6 7 2 
    4 5 3 2 3 7 9 4 0 0 6 9 9 7 9 5 1 4 9 8 9 3 9 9 2 1 0 9 2 0 9 7 8 9 9 2 5 1 0 7 
    9 4 5 3 1 0 9 5 2 6 5 5 1 9 7 7 1 8 8 5 4 3 9 4 8 5 4 7 7 0 7 4 2 8 5 1 2 7 7 3 
    5 2 3 6 8 8 5 7 7 1 0 6 0 6 8 7 2 6 0 7 2 0 9 8 5 3 3 0 5 5 0 0 3 9 0 7 5 3 7 7 
    2 9 0 3 1 3 3 6 2 3 6 9 8 2 6 1 0 8 5 0 1 3 8 5 9 5 2 0 8 0 5 7 4 8 8 1 3 0 6 4 
    5 2 7 9 0 2 3 2 6 1 2 9 9 1 6 5 8 2 5 2 5 2 7 9 7 1 7 1 5 6 1 6 2 8 3 6 9 8 4 4 
    2 7 2 8 0 0 0 2 8 3 2 2 9 2 3 9 7 7 4 7 3 9 6 8 3 9 3 1 6 9 5 9 7 3 5 0 2 4 5 8 
    7 6 0 5 7 0 7 8 9 1 5 5 5 1 6 0 6 8 1 9 4 3 3 9 6 9 6 4 8 3 6 2 2 4 7 4 6 4 3 4 
    8 5 0 7 8 7 5 0 1 3 9 2 7 6 4 3 7 8 2 0 7 1 8 2 9 1 5 7 6 6 8 4 1 5 9 8 6 0 4 7 
    1 7 8 3 1 4 3 7 4 2 1 1 2 5 6 5 5 8 8 9 4 2 5 4 6 4 9 9 2 4 9 8 2 9 1 2 3 6 6 1 
    1 1 6 7 7 7 1 4 8 7 3 8 6 0 0 8 8 5 4 2 4 9 2 2 0 2 2 3 8 5 6 4 5 0 5 3 7 9 2 1 
    3 8 8 6 9 0 6 2 4 6 8 1 8 6 3 4 5 4 8 3 3 6 7 6 3 5 3 0 0 3 8 5 3 9 4 2 5 1 0 9 
    9 7 5 7 6 3 1 2 0 8 4 3 2 6 2 9 4 9 6 8 0 3 2 9 7 8 0 4 9 6 8 7 3 5 6 9 6 1 8 3 
    1 0 5 6 7 8 1 2 4 1 2 9 4 8 3 3 5 8 8 5 1 3 0 9 6 7 4 6 0 5 8 2 2 5 7 0 7 2 3 4 
    6 7 1 2 2 0 8 7 3 7 7 2 5 4 8 8 2 8 3 6 9 9 0 3 4 7 8 8 4 3 3 1 9 0 9 9 6 7 8 4 
    2 6 3 7 8 3 2 0 4 5 0 5 6 6 6 9 4 1 1 6 1 5 6 9 7 9 3 7 0 6 6 6 2 9 0 5 7 7 8 0 
    6 5 7 9 0 7 1 9 5 9 6 9 7 3 7 2 5 5 4 6 2 5 1 2 8 6 0 0 8 6 8 1 0 2 4 2 3 5 7 4 
    0 9 0 9 6 5 6 2 6 2 4 0 4 7 4 8 5 7 1 5 4 7 9 8 8 1 8 4 8 6 4 8 5 7 4 8 6 2 9 5 
    2 3 9 5 3 1 1 2 5 8 4 9 4 0 3 4 6 0 2 5 1 7 6 4 1 3 2 0 8 4 7 1 2 1 9 2 4 7 3 5 
    6 3 7 7 5 0 5 8 5 2 7 6 8 5 9 7 4 6 6 0 8 8 3 3 0 4 4 4 0 7 3 7 7 1 0 8 3 5 8 9 
    9 0 9 0 5 1 6 0 3 0 5 3 1 1 9 0 7 4 7 7 5 5 8 6 8 4 1 8 8 4 2 8 6 7 8 0 7 7 2 9 
    6 0 5 9 9 5 9 3 5 3 0 0 0 7 7 7 5 0 7 8 5 0 6 4 9 8 5 0 2 2 7 2 8 4 5 4 7 1 2 6 

Resultado 2
1026 1055 1094 876 812 665 838 975 807 1004 893 981 922 935 1033 1052 946 923 837 996 841 928 1033 1001 957 851 809 889 881 824 1026 1008 920 1068 1041 783 877 857 801 1025 
759 774 660 797 708 542 689 574 618 699 543 595 499 673 702 787 706 641 595 719 607 705 812 721 807 655 658 696 697 659 795 782 649 781 671 596 636 688 693 738 
854 975 860 892 994 636 752 779 743 851 800 812 709 927 944 888 884 873 716 870 679 809 922 961 909 858 712 777 799 824 937 836 694 1017 834 768 834 763 744 985 
923 1059 1093 925 880 705 803 822 856 905 865 865 814 907 877 951 954 921 821 935 685 855 1093 1046 1014 823 840 777 823 812 1024 927 688 1071 967 741 924 811 838 933 
967 1006 819 971 902 717 930 778 694 860 859 947 839 897 935 884 908 850 816 878 817 905 1000 938 1027 831 785 935 901 786 986 971 877 966 1058 804 823 751 797 1027 
1029 1039 998 1066 951 825 923 916 885 875 847 996 871 873 950 978 1029 867 897 983 800 943 1034 1086 1033 840 844 906 907 872 1088 1040 851 982 1089 786 934 851 836 1097 
924 934 1012 931 958 820 838 764 813 887 845 933 878 903 997 903 1020 823 819 909 790 918 1001 1038 1007 789 840 1002 843 805 1002 1001 842 1006 1188 778 966 900 657 1065 
850 913 811 763 741 620 690 674 638 722 760 732 738 745 721 850 900 785 709 731 628 792 838 896 807 716 742 744 821 841 927 930 664 906 861 700 779 742 789 950 
908 930 873 936 792 700 687 726 867 824 771 891 853 784 913 848 986 906 759 895 613 891 974 1134 903 812 701 838 1003 883 893 955 738 1028 1032 765 874 818 742 979 
949 1048 941 812 813 639 765 830 645 916 842 724 691 917 773 785 872 822 810 904 664 735 912 906 931 883 737 784 748 687 975 920 724 978 943 690 742 600 717 875 
735 950 885 750 801 655 757 689 700 737 776 725 640 771 691 743 820 648 720 882 597 800 808 930 743 700 669 718 677 695 823 756 661 896 885 663 759 692 583 917 
916 951 951 922 730 668 723 866 841 892 783 911 818 838 868 814 922 930 821 889 735 883 932 1000 814 743 819 868 822 848 962 968 716 915 863 641 756 823 704 933 
766 863 863 777 669 656 657 694 656 715 725 814 760 688 655 783 819 717 721 769 589 725 792 870 791 657 632 755 674 667 832 851 675 846 918 618 725 619 552 804 
938 1015 976 874 839 717 756 893 836 884 892 820 797 801 771 844 1024 789 711 892 738 906 878 946 837 760 770 808 857 858 950 852 748 895 896 758 834 844 674 958 
1026 1042 986 864 840 717 873 818 767 938 923 763 690 893 878 816 917 889 837 874 740 923 944 950 877 802 850 948 837 796 973 909 735 1035 993 832 798 862 777 980 
914 916 911 843 795 620 717 802 705 911 745 862 607 756 836 887 844 796 690 974 657 823 876 918 929 737 654 863 938 774 854 890 666 931 893 750 809 783 841 800 
1014 968 1033 894 935 696 769 804 818 861 830 831 818 788 801 883 1004 812 813 915 707 922 945 1002 925 759 749 823 861 833 948 913 810 916 1083 719 911 828 730 977 
775 808 756 696 730 627 688 680 620 687 766 699 762 741 728 708 807 716 634 686 634 778 760 817 743 726 732 778 630 643 839 714 732 778 948 706 723 679 602 804 
1024 959 959 963 877 637 781 805 738 863 839 952 863 864 972 853 894 849 822 855 736 880 1072 1006 1021 726 629 886 875 741 930 937 811 981 1036 708 825 783 730 945 
808 919 812 727 834 557 706 732 805 748 788 712 726 781 824 654 813 828 729 770 633 782 818 940 817 700 604 742 773 708 752 863 672 933 980 673 748 657 659 966 
787 823 801 760 832 620 625 668 627 825 706 702 576 793 643 694 766 707 611 727 571 705 832 779 763 633 602 709 704 647 764 763 636 844 802 682 626 574 571 777 
908 1059 920 925 964 665 665 825 845 893 815 823 962 889 977 890 958 995 718 890 661 878 1086 1076 961 800 782 820 886 861 912 1094 758 1059 978 741 868 743 751 1005 
845 771 683 751 692 473 697 638 672 704 639 672 682 695 796 680 707 809 641 682 633 606 853 855 756 642 704 754 658 644 798 841 576 820 768 621 673 601 569 781 
960 838 954 860 802 611 729 806 804 914 790 865 733 735 841 806 942 799 702 865 774 886 833 793 808 701 677 857 926 844 859 869 720 806 972 742 729 901 761 948 
887 970 824 738 779 695 801 729 699 753 795 682 664 821 681 823 812 746 634 844 728 667 957 842 827 695 709 744 707 657 913 815 671 992 837 661 741 638 642 834 
980 879 907 781 705 605 753 800 590 775 770 712 655 765 805 811 784 713 735 781 691 788 921 809 876 644 659 798 756 636 916 929 748 873 845 588 699 675 702 846 
897 860 880 735 817 664 742 768 679 838 755 777 593 811 831 716 850 628 666 844 618 757 856 853 809 668 597 795 880 642 718 775 724 1014 924 707 760 725 611 866 
829 1004 817 946 875 707 655 646 860 812 747 777 844 791 777 941 979 940 738 911 641 905 962 1136 926 794 852 867 880 873 927 1032 715 952 1026 823 930 810 818 901 
759 744 805 715 655 526 623 585 636 684 684 749 650 592 657 545 765 620 693 630 579 731 739 738 731 550 531 671 721 611 674 711 662 737 880 541 653 648 478 800 
884 903 953 852 814 659 695 678 725 788 691 771 679 834 753 818 906 727 778 925 601 773 938 957 962 779 711 787 783 701 915 841 676 967 922 612 812 795 692 794 
908 913 922 789 785 556 806 764 738 803 766 929 694 747 812 757 877 701 714 926 706 803 939 927 899 734 640 850 844 723 899 813 717 951 960 653 752 766 690 838 
867 810 884 871 826 694 665 639 739 800 747 790 716 822 786 778 928 863 838 800 705 825 889 935 824 670 680 805 868 772 908 885 720 889 929 636 827 781 624 946 
785 927 886 798 698 678 674 744 740 827 707 793 674 768 793 948 924 762 630 868 658 829 1000 960 897 703 780 784 940 789 903 947 695 1002 863 746 812 870 849 864 
947 958 817 889 895 699 806 660 702 713 749 777 794 791 830 830 904 779 771 923 640 748 970 1044 999 759 738 885 779 756 962 934 733 1015 936 721 883 679 640 892 
1189 1276 1246 1216 1114 904 992 968 1039 1177 998 1144 1043 1134 1142 1231 1237 1092 1035 1147 887 1160 1300 1320 1131 1035 1028 1153 1060 1094 1233 1318 1001 1276 1208 953 1082 1037 930 1252 
790 794 820 795 670 580 571 681 607 751 682 852 699 693 746 687 775 621 631 728 580 773 803 801 739 623 479 696 723 685 797 791 676 760 767 496 624 606 536 826 
838 847 706 844 647 711 678 781 653 779 704 746 670 665 792 838 801 744 585 679 698 783 904 802 874 572 747 760 855 627 923 897 666 813 842 652 726 810 700 789 
938 891 834 799 811 558 726 756 737 776 735 769 798 755 923 858 833 856 727 865 715 809 828 933 887 811 727 791 775 724 811 946 808 845 948 693 840 752 667 915 
1057 1089 1056 1026 938 664 943 947 899 1009 881 877 817 923 960 1017 991 998 847 1109 878 911 1107 1101 1132 841 859 946 923 875 1095 1025 901 1060 1032 879 904 779 848 1026 
894 976 1000 875 883 704 765 741 802 910 858 817 700 858 760 847 899 848 874 854 654 891 843 1032 882 826 732 764 828 786 938 907 729 1001 990 733 901 793 706 968 

